¹	x1	x2	u	y
1	-0.5552612697873853	-0.6522183285546284	-1.375185726231798	-1.4061408989722302
2	0.2082341717219507	0.13482114802082035	4.8216842297382	4.856530129057233
3	0.17313322159879796	0.8597530043647252	6.516333328376542	6.4764154803701555
4	-0.9244444319829641	-0.010534970160480217	-1.081545296145181	-1.0753370303070173
5	0.7808524556503207	-0.009922384203220114	1.2825299821938292	1.3207878726434874
6	0.20913953197952373	-0.8870577275627456	5.569488631856682	5.493397527054686
7	0.3517864826702368	0.5392037086498904	3.134779731189657	3.1903105777867293
8	0.5177964510120565	-0.29930796407122484	2.02233394576382	1.961626231604576
9	0.849132119518949	0.6739500902121893	1.6337982858606406	1.6107274853019742
10	0.35252967654828526	-0.2682914775179417	2.909946636721794	2.962736962588974
11	-0.6770538589520645	0.20449051902511672	-1.434827604678013	-1.439100192755463
12	-0.2023249996989278	-0.9729609846716829	-3.9951894891014628	-3.9954719596471193
13	0.981871657264827	-0.5738343083664652	1.3496733488672796	1.3518531139271222
14	-0.868002414946105	0.6154236105838167	-0.773130767022778	-0.8115268249595551
15	-0.09670408193465163	0.8247280369292309	-9.65966301972756	-9.72508849999422
16	-0.9618364609685144	-0.12022411766326013	-1.0251978040823722	-0.9699504841403648
17	0.8848960781997925	-0.31881632090327483	1.2335730638055793	1.250046569552381
18	0.4620384828118893	-0.26488466197383786	2.2359213190314895	2.2464913981912575
19	0.3974150421493081	-0.13731033626601308	2.536498884485353	2.541275571998153
20	-0.5920857584593333	-0.8190190229303296	-1.0178263526032716	-1.0793961582713283
21	0.8257418244466916	-0.8173689827629962	1.8808683336399392	1.8896579547963166
22	0.7984674831078735	0.9975069046745086	2.2493173966200644	2.2421916631298164
23	-0.8906181678578688	0.7861172855089522	-0.5046472507247917	-0.5208182012678865
24	0.7854915666487334	0.8594664642726619	2.0136421845153665	2.069276294121958
25	-0.23158300793589337	0.5424787310014627	-4.0230002648953045	-4.044925230583477
26	0.6308094422897952	-0.7400280745785937	2.13446315087229	2.1666335004942567
27	-0.14099726039464144	-0.47884771012852667	-6.862230136952836	-6.85828741440008
28	0.6058498333356734	0.6091026539199884	2.0232468314874463	2.0499742988592544
29	-0.018015507131019293	0.9870895624772114	-54.53230873981533	-54.546084627157754
30	-0.9529096901126994	0.4654992039060688	-0.8326342410335155	-0.8409961293719418
31	-0.9498635982640491	-0.28133588807452825	-0.9736108535768982	-1.0362436179447447
32	-0.2044656012952848	0.5712963146259116	-4.563566082409829	-4.551573454451279
33	-0.9199481579854043	0.547562981887787	-0.7870577479339607	-0.7203307156146095
34	0.5412808350902807	0.5996867836896207	2.208695295161778	2.197314469242548
35	-0.07579857610004015	-0.28739157743125454	-13.109370583503887	-13.036445543280479
36	-0.9043038266184249	-0.5540069773125156	-0.7988590062764634	-0.7666074586778509
37	0.5613870452020979	0.25593685163173907	1.848392890748715	1.8031390323218437
38	-0.8599513260251253	0.02495665133855507	-1.1620911338295992	-1.2317233131065157
39	-0.161921649683334	0.1424251855214782	-6.154689152787912	-6.202713832780669
40	0.5329894595607672	-0.4246144943605017	2.0579977080402467	2.0462773672885035
41	0.5997518710093077	-0.8994320448325455	2.477844010956158	2.40986221844791
42	0.11095879929160946	0.8649520928224812	9.761693769472158	9.7087386760877
43	-0.9790273224253496	0.5115007662512145	-0.7597167966643275	-0.7307686562128859
44	-0.8308930447620337	-0.511893624473494	-0.9413713356495605	-0.9638081411771977
45	0.8598142072706569	-0.6584795834373154	1.5984312870525945	1.5881456201245423
46	-0.7223031590673075	-0.5525256443792852	-1.0789532011666463	-1.0762619393475237
47	-0.09289807617953905	0.722657364016807	-10.241272531023949	-10.312441028676297
48	0.35559863371733824	0.9636523154730274	3.742237035271091	3.790617261303224
49	0.9351896498036112	0.6536096617420117	1.4985079663339254	1.5051518523188627
50	0.8787812299742424	0.9867657001266281	2.1136236487568825	2.064923744740748
51	-0.5683329999584168	0.8070177884326961	-1.1077417442753856	-1.1443939492216404
52	-0.3972604891044864	0.7850048832966978	-1.9003261093281196	-1.939621293359623
53	0.06175363037471815	0.9102826892548006	17.023147307071238	17.040232617379896
54	0.21332085495274145	0.18821507032112206	4.724431254263845	4.665680412278973
55	0.4880706711699574	-0.9558214035913752	2.963870656794984	3.0262160324424006
56	0.9741343666419566	-0.07775715000327921	1.034564961772994	1.0184766700808363
57	0.5151103197806413	0.5981141164644754	2.300647132047758	2.294309869589032
58	0.37486118343415065	0.3081334561583775	2.7640060735759953	2.7422214100209144
59	0.28289138850437734	-0.8283371063079421	4.222267979618954	4.211767264991098
60	0.7800530237076981	-0.04566699206321867	1.2858250957557984	1.2400094124913579
61	-0.3151238234764515	0.35898243959804943	-3.043766592553762	-3.0135630453774915
62	-0.6665565236297231	-0.31091954144403	-1.4032745500096708	-1.334568148096137
63	-0.10354462877833082	-0.4974571477597023	-9.409361076717131	-9.465582576706332
64	-0.23783493238234654	0.09135021373988561	-4.195480656764077	-4.2198858199387494
65	-0.27730243087762396	-0.28067618241150116	-3.526697306714509	-3.5053195863306557
66	0.3915018121105056	0.29327599519822245	2.641698232351398	2.6076739071550157
67	-0.930327125182999	0.05632988689195617	-1.0716423650482696	-1.098745368820152
68	-0.16986321052511277	0.8783903586954049	-5.114602354532854	-5.064075464803144
69	0.48634410256640725	-0.869921670532203	2.814320412491951	2.7951729379438564
70	0.3999891285952526	0.5470483146524487	2.800784500650545	2.7680244778618524
71	0.8334591604067452	-0.9161717296665073	2.040931316596194	1.9792542839473253
72	0.9448521384551971	0.9232255405151562	1.912749231266302	1.98538371797171
73	0.5200812516810789	0.48546682680592057	2.1600231508987835	2.1204374411523292
74	-0.14097458164063115	-0.7760292017221002	-6.490474592853917	-6.503706741301104
75	-0.04524032786107912	-0.36609185931630694	-21.969230856957775	-21.91551090812458
76	-0.8474658326004754	0.3950963003963772	-1.023695444413379	-0.9878232439483424
77	0.470805696089583	0.6445963985738741	2.5410582645493394	2.465423823050469
78	0.3490764630057488	0.8949139128385375	3.667011359715168	3.678006718255811
79	-0.8387608127524893	0.0685962630154664	-1.1873614567577087	-1.1876717501678418
80	0.4621911997803436	0.08726509547386119	2.172692865386349	2.176563556326266
81	-0.04783164681729257	-0.8294583119447039	-20.21779016186673	-20.25768434817222
82	-0.4171456414824528	0.5923988008068211	-2.045665839442451	-1.9703691734186681
83	-0.938071245725969	0.5700434072240839	-0.7409486925518607	-0.7494109667534448
84	0.48447318187453847	0.96823986543747	3.003167474608058	3.070451891064796
85	-0.31347221663912817	-0.99739705367177	-2.1946877072885482	-2.226259164207019
86	-0.02536792460468429	0.7067765978370586	-38.919280095847625	-38.91502145497472
87	0.8494757016269983	-0.28879001968972773	1.2624169807826722	1.3112461733775393
88	0.8335852649501467	0.37966169552021944	1.345651882593796	1.2927735602474537
89	-0.14733097566489906	-0.17602641439328393	-6.755618566255557	-6.814179555426158
90	0.3665506811058541	0.8201213866142258	3.4021833543730584	3.3817594412969227
91	-0.07105124963542009	0.536024579756625	-13.786042912853866	-13.710908350814702
92	-0.8201269360616421	0.24797617674833883	-1.15762658884486	-1.1789022132089446
93	-0.8835781557417479	0.5575495625409137	-0.8207281040021605	-0.881163098112745
94	0.5112619024212195	0.08747352572164324	1.9651163106197462	1.982832230102972
95	-0.5435967139745541	0.7571496127314521	-1.2657913982490476	-1.2229981228747449
96	-0.9019496511503842	0.9246554647489542	-0.2535310929091289	-0.29437712084899736
97	-0.6910502926986599	-0.5449705667156994	-1.1498253101083784	-1.1166744120320125
98	0.20374470032037428	0.25152743474396977	4.972598071181259	4.985303764024638
99	0.8053807562116564	-0.0020534471777919894	1.2434581306035177	1.184324445193855
100	-0.09531550081323381	-0.9314449236456412	-9.623071779968805	-9.646633419246848
