 Вектор оценок параметров полной модели
-9.40E-0006 1.03E-0001 6.91E-0004-5.62E-0004 9.96E-0001
-6.88E-0003 3.86E-0003-9.73E-0004 5.49E-0004-1.07E-0004
 9.86E-0001
 Сумма квадратов отклонений для полной модели= 5.35E-0001

 Список регрессоров:
 1):     Inv(X2*X2)
 2):     Inv(X1*X1)
 3):     Inv(X1*X2)
 4):     Inv(X2)
 5):     Inv(X1)
 6):     1
 7):     X1
 8):     X2
 9):     X1*X1
10):     X1*X2
11):     X2*X2

 Список регрессоров лучших моделей
---------------------------------------------------------------------
 m  1  -я мод. 2  -я мод. 3  -я мод. 4  -я мод. 5  -я мод.
---------------------------------------------------------------------
 1):      0             0             0             0             0       
---------------------------------------------------------------------
 2):      2             2             2             2             2       
---------------------------------------------------------------------
 3):      0             0             0             3             0       
---------------------------------------------------------------------
 4):      0             0             0             0             0       
---------------------------------------------------------------------
 5):      5             5             5             5             5       
---------------------------------------------------------------------
 6):      0             0             6             0             0       
---------------------------------------------------------------------
 7):      7             0             7             0             7       
---------------------------------------------------------------------
 8):      0             0             0             0             0       
---------------------------------------------------------------------
 9):      0             0             0             0             0       
---------------------------------------------------------------------
10):     10            10             0             0             0       
---------------------------------------------------------------------
11):     11            11            11            11            11       
---------------------------------------------------------------------
 m  6  -я мод.
---------------------------------------------------------------------
 1):      0       
---------------------------------------------------------------------
 2):      2       
---------------------------------------------------------------------
 3):      0       
---------------------------------------------------------------------
 4):      0       
---------------------------------------------------------------------
 5):      5       
---------------------------------------------------------------------
 6):      0       
---------------------------------------------------------------------
 7):      0       
---------------------------------------------------------------------
 8):      0       
---------------------------------------------------------------------
 9):      0       
---------------------------------------------------------------------
10):      0       
---------------------------------------------------------------------
11):     11       

 Значения  1внешнего критерия:
     0.5762     0.5818     0.5914     0.5664     0.5722
     0.5690
 Лучшая по  1 критерию  4 модель.

 Значения  2 внешнего критерия:
     0.0049     0.0050     0.0049     0.0049     0.0048
     0.0049
 Лучшая по   2 критерию  5 модель.

 Остаточные суммы квадратов для лучших моделей:
     0.5431     0.5546     0.5431     0.5533     0.5431
     0.5546

 Оценки параметров лучших моделей:
 1       0.0000       0.0000       0.0000       0.0000       0.0000
 2       0.0756       0.0738       0.0763       0.0770       0.0756
 3       0.0000       0.0000       0.0000      -0.0003       0.0000
 4       0.0000       0.0000       0.0000       0.0000       0.0000
 5       1.0030       1.0224       1.0030       1.0214       1.0030
 6       0.0000       0.0000      -0.0005       0.0000       0.0000
 7       0.0034       0.0000       0.0034       0.0000       0.0034
 8       0.0000       0.0000       0.0000       0.0000       0.0000
 9       0.0000       0.0000       0.0000       0.0000       0.0000
10      -0.0000       0.0001       0.0000       0.0000       0.0000
11       0.9954       0.9965       0.9961       0.9954       0.9955
 1       0.0000
 2       0.0738
 3       0.0000
 4       0.0000
 5       1.0224
 6       0.0000
 7       0.0000
 8       0.0000
 9       0.0000
10       0.0000
11       0.9964

 Сравнение прогноза и отклика для модели  4

 N       Y          Y^        Y-Y^     (Y-Y^)/Y 
  1       -0.77      -0.76       0.01      -0.89
  2        0.21       0.20      -0.01      -2.82
  3        0.72       0.73       0.01       1.59
  4       -0.50      -0.36       0.14     -27.76
  5        0.17       0.20       0.03      18.67
  6        0.16       0.18       0.02      15.19
  7        0.19       0.21       0.02      10.32
  8       -0.30      -0.41      -0.11      38.71
  9       -0.37      -0.29       0.08     -21.19
 10        0.25       0.18      -0.07     -28.52
 11        0.81       0.79      -0.02      -2.98
 12        0.24       0.22      -0.02      -9.11
 13       -0.72      -0.73      -0.01       1.96
 14        0.46       0.50       0.04       7.75
 15        0.32       0.24      -0.08     -24.54
 16        0.34       0.38       0.03       8.95
 17       -0.13      -0.19      -0.06      45.35
 18        0.65       0.64      -0.02      -2.44
 19       -0.18      -0.22      -0.03      18.07
 20       -0.11      -0.23      -0.12     102.24
 21        0.40       0.45       0.05      11.85
 22       -0.55      -0.52       0.03      -5.81
 23       -0.20      -0.17       0.03     -13.55
 24        0.27       0.25      -0.02      -9.00
 25        0.02      -0.03      -0.06    -260.87
 26       -0.04       0.05       0.10    -217.33
 27       -0.07      -0.04       0.04     -50.68
 28        0.75       0.63      -0.12     -15.81
 29        0.07       0.04      -0.02     -35.89
 30        0.05       0.15       0.11     219.72
 31        0.26       0.23      -0.03     -12.71
 32        0.36       0.41       0.05      14.72
 33        0.49       0.54       0.05      10.38
 34        0.63       0.49      -0.13     -21.44
 35        0.86       0.82      -0.05      -5.46
 36        0.14       0.06      -0.08     -56.60
 37        0.83       0.88       0.04       5.08
 38        0.59       0.60       0.01       2.26
 39        0.72       0.77       0.05       6.79
 40        0.55       0.57       0.02       3.96
 41        0.01       0.06       0.05     356.28
 42        0.46       0.35      -0.10     -22.85
 43        0.29       0.24      -0.05     -18.26
 44       -0.61      -0.57       0.04      -6.47
 45        0.01       0.03       0.02     153.72
 46       -0.32      -0.31       0.01      -3.05
 47        0.30       0.40       0.10      31.53
 48        0.81       0.86       0.06       7.00
 49        1.15       1.17       0.02       1.44
 50       -0.36      -0.33       0.03      -8.89
 51        0.12       0.02      -0.10     -79.94
 52       -0.18      -0.08       0.09     -52.79
 53        0.41       0.33      -0.08     -18.89
 54        0.90       0.88      -0.02      -2.26
 55        0.76       0.68      -0.08     -10.52
 56        0.41       0.48       0.07      16.82
 57       -0.01       0.03       0.04    -291.22
 58        0.78       0.85       0.07       8.47
 59        0.65       0.66       0.02       2.32
 60        0.69       0.59      -0.10     -14.68
 61       -0.11      -0.16      -0.05      51.76
 62        1.05       1.00      -0.05      -4.98
 63        0.64       0.66       0.02       3.61
 64        0.21       0.15      -0.06     -29.23
 65       -0.18      -0.25      -0.07      37.79
 66       -0.22      -0.29      -0.07      31.11
 67        0.91       0.95       0.03       3.75
 68        0.23       0.26       0.03      11.04
 69        0.93       0.89      -0.05      -4.84
 70        0.13       0.22       0.08      63.21
 71       -0.13      -0.06       0.07     -56.36
 72        0.74       0.79       0.05       7.32
 73       -0.15      -0.18      -0.03      16.69
 74        1.16       1.24       0.08       7.20
 75        0.51       0.46      -0.04      -8.12
 76       -0.09       0.01       0.10    -110.91
 77        1.04       1.01      -0.02      -2.41
 78       -0.06      -0.07      -0.01      21.69
 79        0.66       0.71       0.05       7.37
 80        1.27       1.29       0.02       1.58
 81        1.29       1.21      -0.08      -5.91
 82        1.64       1.58      -0.06      -3.61
 83        0.63       0.56      -0.07     -10.79
 84        0.83       0.92       0.08       9.98
 85        0.86       0.79      -0.07      -7.94
 86        0.90       0.82      -0.07      -8.22
 87        0.05      -0.05      -0.10    -206.07
 88        0.47       0.58       0.11      22.68
 89        0.08       0.22       0.13     160.03
 90        1.34       1.24      -0.10      -7.17
 91       -0.19      -0.28      -0.09      44.83
 92        0.62       0.67       0.05       8.71
 93        1.49       1.53       0.04       2.80
 94        0.59       0.66       0.07      11.06
 95        0.60       0.60       0.01       0.85
 96        0.29       0.34       0.05      17.23
 97        1.24       1.34       0.10       7.81
 98        0.02       0.06       0.04     270.42
 99        0.49       0.50       0.00       0.97
100        0.93       1.01       0.08       8.92
101        0.05       0.04      -0.01     -22.69
102        0.33       0.44       0.11      32.72
103        1.06       1.06      -0.00      -0.29
104        0.46       0.66       0.20      43.64
105        0.56       0.54      -0.02      -3.89
106        1.16       1.19       0.03       3.01
107       -0.20      -0.19       0.01      -5.41
108        0.48       0.47      -0.01      -1.56
109        0.99       0.95      -0.04      -4.19
110       -0.36      -0.37      -0.01       1.87
111        0.67       0.63      -0.04      -5.94
112        1.55       1.44      -0.11      -6.96
113        0.06       0.07       0.01      18.61
114       -0.22      -0.21       0.02      -7.74
115        0.50       0.33      -0.16     -33.05
116        1.22       1.04      -0.17     -14.05
117        0.07       0.14       0.07      93.23
118       -0.11      -0.16      -0.05      47.10
119       -0.35      -0.30       0.05     -14.70
120        1.15       1.16       0.01       0.91

 Сравнение прогноза и отклика для модели  5

 N       Y          Y^        Y-Y^     (Y-Y^)/Y 
  1       -0.77      -0.72       0.05      -6.62
  2        0.21       0.21       0.00       1.91
  3        0.72       0.73       0.01       1.41
  4       -0.50      -0.37       0.13     -26.57
  5        0.17       0.21       0.05      28.27
  6        0.16       0.20       0.04      26.47
  7        0.19       0.22       0.03      16.54
  8       -0.30      -0.41      -0.12      39.90
  9       -0.37      -0.30       0.07     -19.05
 10        0.25       0.19      -0.05     -21.25
 11        0.81       0.77      -0.04      -4.64
 12        0.24       0.23      -0.01      -4.32
 13       -0.72      -0.73      -0.01       1.14
 14        0.46       0.50       0.03       7.01
 15        0.32       0.25      -0.07     -20.91
 16        0.34       0.38       0.03      10.15
 17       -0.13      -0.21      -0.07      55.74
 18        0.65       0.63      -0.02      -3.55
 19       -0.18      -0.23      -0.04      24.03
 20       -0.11      -0.24      -0.13     109.88
 21        0.40       0.45       0.05      11.68
 22       -0.55      -0.51       0.04      -6.66
 23       -0.20      -0.19       0.01      -6.65
 24        0.27       0.26      -0.01      -4.45
 25        0.02      -0.05      -0.07    -341.02
 26       -0.04       0.03       0.08    -178.30
 27       -0.07      -0.05       0.02     -27.21
 28        0.75       0.65      -0.10     -13.57
 29        0.07       0.03      -0.04     -60.37
 30        0.05       0.14       0.09     186.94
 31        0.26       0.21      -0.05     -18.71
 32        0.36       0.43       0.07      18.96
 33        0.49       0.53       0.04       7.38
 34        0.63       0.51      -0.12     -19.10
 35        0.86       0.83      -0.03      -3.76
 36        0.14       0.05      -0.09     -67.10
 37        0.83       0.89       0.06       6.77
 38        0.59       0.62       0.03       4.63
 39        0.72       0.78       0.06       8.65
 40        0.55       0.56       0.01       1.54
 41        0.01       0.05       0.03     257.75
 42        0.46       0.37      -0.09     -20.04
 43        0.29       0.23      -0.07     -22.71
 44       -0.61      -0.56       0.04      -7.24
 45        0.01       0.02       0.01      58.56
 46       -0.32      -0.32       0.01      -1.98
 47        0.30       0.39       0.08      27.42
 48        0.81       0.88       0.07       8.53
 49        1.15       1.18       0.03       2.50
 50       -0.36      -0.33       0.03      -8.18
 51        0.12       0.01      -0.11     -89.88
 52       -0.18      -0.09       0.08     -46.09
 53        0.41       0.34      -0.07     -16.18
 54        0.90       0.89      -0.01      -0.97
 55        0.76       0.70      -0.07      -9.01
 56        0.41       0.50       0.08      19.55
 57       -0.01       0.01       0.03    -209.49
 58        0.78       0.86       0.08       9.88
 59        0.65       0.66       0.01       1.63
 60        0.69       0.58      -0.11     -16.29
 61       -0.11      -0.17      -0.06      60.49
 62        1.05       0.99      -0.06      -5.90
 63        0.64       0.66       0.02       3.62
 64        0.21       0.14      -0.07     -33.72
 65       -0.18      -0.24      -0.06      33.26
 66       -0.22      -0.28      -0.06      26.35
 67        0.91       0.94       0.03       2.74
 68        0.23       0.27       0.03      14.64
 69        0.93       0.90      -0.04      -3.91
 70        0.13       0.21       0.08      61.45
 71       -0.13      -0.06       0.07     -51.61
 72        0.74       0.79       0.05       6.73
 73       -0.15      -0.19      -0.03      22.15
 74        1.16       1.24       0.08       6.54
 75        0.51       0.46      -0.05      -9.78
 76       -0.09       0.00       0.09    -103.23
 77        1.04       1.01      -0.03      -2.95
 78       -0.06      -0.07      -0.01      20.92
 79        0.66       0.72       0.06       8.72
 80        1.27       1.29       0.02       1.34
 81        1.29       1.21      -0.08      -5.90
 82        1.64       1.57      -0.07      -4.33
 83        0.63       0.56      -0.07     -10.89
 84        0.83       0.92       0.08      10.01
 85        0.86       0.79      -0.07      -8.53
 86        0.90       0.83      -0.07      -7.72
 87        0.05      -0.06      -0.10    -217.77
 88        0.47       0.58       0.11      23.04
 89        0.08       0.21       0.13     155.34
 90        1.34       1.25      -0.09      -6.49
 91       -0.19      -0.28      -0.09      45.21
 92        0.62       0.68       0.06      10.13
 93        1.49       1.52       0.03       1.84
 94        0.59       0.67       0.07      12.55
 95        0.60       0.61       0.01       0.97
 96        0.29       0.34       0.05      18.65
 97        1.24       1.34       0.10       7.79
 98        0.02       0.05       0.03     208.66
 99        0.49       0.50       0.01       1.24
100        0.93       1.00       0.07       7.67
101        0.05       0.05      -0.01     -10.70
102        0.33       0.44       0.10      30.55
103        1.06       1.06       0.00       0.30
104        0.46       0.65       0.19      41.59
105        0.56       0.53      -0.03      -5.54
106        1.16       1.19       0.03       2.57
107       -0.20      -0.20       0.00      -1.74
108        0.48       0.46      -0.01      -2.45
109        0.99       0.94      -0.05      -4.86
110       -0.36      -0.37      -0.01       1.75
111        0.67       0.64      -0.03      -4.99
112        1.55       1.44      -0.11      -7.08
113        0.06       0.07       0.00       5.15
114       -0.22      -0.19       0.03     -13.62
115        0.50       0.34      -0.16     -32.03
116        1.22       1.05      -0.17     -13.81
117        0.07       0.14       0.06      86.70
118       -0.11      -0.16      -0.05      45.90
119       -0.35      -0.29       0.06     -16.22
120        1.15       1.16       0.02       1.41
